6.825897216796875000e+00 6.760612010955810547e+00 4.402142047882080078e+00
1.330353021621704102e+00 7.122144222259521484e+00 6.903745174407958984e+00
-1.330353021621704102e+00 7.122144222259521484e+00 6.903745174407958984e+00
-6.825897216796875000e+00 6.760612010955810547e+00 4.402142047882080078e+00
5.311431884765625000e+00 5.485328197479248047e+00 3.987653970718383789e+00
1.789929986000061035e+00 5.393624782562255859e+00 4.413414001464843750e+00
-1.789929986000061035e+00 5.393624782562255859e+00 4.413414001464843750e+00
-5.311431884765625000e+00 5.485328197479248047e+00 3.987653970718383789e+00
2.005628108978271484e+00 1.409844994544982910e+00 6.165651798248291016e+00
-2.005628108978271484e+00 1.409844994544982910e+00 6.165651798248291016e+00
2.774014949798583984e+00 -2.080775022506713867e+00 5.048531055450439453e+00
-2.774014949798583984e+00 -2.080775022506713867e+00 5.048531055450439453e+00
0.000000000000000000e+00 -3.116408109664916992e+00 6.097667217254638672e+00
0.000000000000000000e+00 -7.415690898895263672e+00 4.070434093475341797e+00
